,MinTemp,MaxTemp,Rainfall,Evaporation,Sunshine,WindGustSpeed,WindSpeed9am,WindSpeed3pm,Humidity9am,Humidity3pm,Pressure9am,Pressure3pm,Cloud9am,Cloud3pm,Temp9am,Temp3pm,RainToday,RISK_MM,RainTomorrow
MinTemp,1.000,0.770,0.199,0.695,0.065,0.233,0.062,-0.092,-0.235,-0.082,-0.512,-0.515,0.188,0.143,0.914,0.738,0.220,0.232,0.226
MaxTemp,0.770,1.000,-0.057,0.710,0.464,0.076,-0.237,-0.241,-0.358,-0.535,-0.304,-0.389,-0.165,-0.140,0.873,0.989,-0.047,0.026,0.054
Rainfall,0.199,-0.057,1.000,-0.011,-0.143,0.117,0.237,0.065,0.124,0.276,-0.341,-0.263,0.154,0.154,0.102,-0.070,0.677,0.104,0.143
Evaporation,0.695,0.710,-0.011,1.000,0.320,0.257,0.051,-0.011,-0.508,-0.379,-0.400,-0.408,-0.086,-0.087,0.729,0.692,-0.029,0.076,0.092
Sunshine,0.065,0.464,-0.143,0.320,1.000,0.064,-0.085,0.024,-0.499,-0.758,-0.023,-0.065,-0.678,-0.663,0.227,0.483,-0.149,-0.385,-0.387
WindGustSpeed,0.233,0.076,0.117,0.257,0.064,1.000,0.553,0.667,-0.277,-0.007,-0.563,-0.538,0.032,0.073,0.228,0.033,0.237,0.227,0.246
WindSpeed9am,0.062,-0.237,0.237,0.051,-0.085,0.553,1.000,0.489,-0.262,0.179,-0.354,-0.244,0.124,-0.004,0.040,-0.258,0.291,0.033,0.066
WindSpeed3pm,-0.092,-0.241,0.065,-0.011,0.024,0.667,0.489,1.000,-0.191,0.048,-0.362,-0.327,0.009,0.036,-0.083,-0.266,0.107,-0.033,0.029
Humidity9am,-0.235,-0.358,0.124,-0.508,-0.499,-0.277,-0.262,-0.191,1.000,0.508,0.139,0.129,0.369,0.289,-0.433,-0.350,0.164,0.204,0.197
Humidity3pm,-0.082,-0.535,0.276,-0.379,-0.758,-0.007,0.179,0.048,0.508,1.000,-0.073,0.004,0.538,0.525,-0.248,-0.586,0.294,0.370,0.364
Pressure9am,-0.512,-0.304,-0.341,-0.400,-0.023,-0.563,-0.354,-0.362,0.139,-0.073,1.000,0.969,-0.149,-0.142,-0.466,-0.266,-0.358,-0.284,-0.320
Pressure3pm,-0.515,-0.389,-0.263,-0.408,-0.065,-0.538,-0.244,-0.327,0.129,0.004,0.969,1.000,-0.121,-0.143,-0.495,-0.354,-0.287,-0.298,-0.359
Cloud9am,0.188,-0.165,0.154,-0.086,-0.678,0.032,0.124,0.009,0.369,0.538,-0.149,-0.121,1.000,0.553,0.041,-0.191,0.183,0.297,0.291
Cloud3pm,0.143,-0.140,0.154,-0.087,-0.663,0.073,-0.004,0.036,0.289,0.525,-0.142,-0.143,0.553,1.000,0.048,-0.179,0.115,0.324,0.398
Temp9am,0.914,0.873,0.102,0.729,0.227,0.228,0.040,-0.083,-0.433,-0.248,-0.466,-0.495,0.041,0.048,1.000,0.846,0.115,0.161,0.181
Temp3pm,0.738,0.989,-0.070,0.692,0.483,0.033,-0.258,-0.266,-0.350,-0.586,-0.266,-0.354,-0.191,-0.179,0.846,1.000,-0.052,-0.009,0.014
RainToday,0.220,-0.047,0.677,-0.029,-0.149,0.237,0.291,0.107,0.164,0.294,-0.358,-0.287,0.183,0.115,0.115,-0.052,1.000,0.170,0.173
RISK_MM,0.232,0.026,0.104,0.076,-0.385,0.227,0.033,-0.033,0.204,0.370,-0.284,-0.298,0.297,0.324,0.161,-0.009,0.170,1.000,0.677
RainTomorrow,0.226,0.054,0.143,0.092,-0.387,0.246,0.066,0.029,0.197,0.364,-0.320,-0.359,0.291,0.398,0.181,0.014,0.173,0.677,1.000
